          0
          0
          1
          4
          8
          9
          3
          4
          6
         11
         17
         21
         32
         44
          1
          1
         16
         22
         35
         22
         22
         32
          1
          4
          9
         11
          9
          8
          4
          6
         13
         21
         26
         27
         24
         14
          6
          1
         11
         14
         24
         40
         68
         57
         63
         45
         29
          1
          1
         14
         22
          4
          4
          8
         11
          6
          8
         14
         13
         14
         17
         16
          9
         11
         16
         19
         21
         37
          6
         26
         32
          0
          0
         19
         35
         47
         19
         19
          8
          8
          8
         11
         19
         13
         16
         13
          9
         11
         21
         32
         63
         84
          4
        197
          9
        119
         37
        120
        141
         62
        199
         50
         50
         24
         17
         18
         29
          9
          9
         11
         14
          4
         39
         73
        137
        174
        202
         17
         37
         73
        112
        135
        164
        130
        203
         42
        173
        189
        144
        190
        193
        196
        197
        196
          4
         19
         22
          8
          8
         13
         93
         29
         71
        163
        105
        107
        184
        147
        170
        207
        198
         79
         99
        197
        197
        181
         78
        165
        180
         30
         70
        101
        196
          0
          1
          8
          8
         11
         27
         86
         45
         72
         28
         82
         58
         77
         83
        132
        188
        192
        205
        142
        165
         88
        172
        203
        136
        160
         75
        113
          0
        101
          0
          0
          0
          3
         11
         24
         44
         47
         59
         98
        113
         62
        136
        166
        184
        202
        198
        143
         17
          6
         21
        189
         17
        129
        144
          6
         76
          0
          0
          0
          0
          3
          9
         19
        155
         20
        146
        185
        125
        167
         78
         90
         20
        208
        112
        119
        166
        157
         32
         45
         45
         34
         17
         18
          1
          8
          1
          1
          1
          1
          4
         11
         26
         57
        154
        110
        150
        181
        186
         34
        128
        204
         50
         52
         45
         54
        182
         11
         13
          8
         16
         18
         21
          4
         21
          4
          4
          1
          0
          1
         13
         17
         18
        173
        177
        119
        154
        138
         68
         93
        175
        180
         35
         16
         35
         50
         62
         19
         19
          0
          1
          3
          3
          3
          3
          3
          0
          1
         13
         13
         29
         29
         87
        102
        104
        120
        121
         86
        121
         34
         39
         39
         39
         14
         22
          8
          8
          8
         19
          0
          0
          0
          0
          1
          0
          0
          0
          8
         16
         26
        111
        114
         34
        112
        121
        181
        196
         50
        203
         39
         19
         26
         26
         39
          6
          6
          8
          0
          8
          0
          0
          0
          0
          0
          4
         13
         29
         29
         52
        124
        114
         83
        105
        162
        198
        202
        202
        200
         45
        176
          3
          3
          3
          9
         13
          0
          0
          4
          0
          0
          6
          0
          0
          4
          8
          8
         21
         35
        104
        204
         24
         54
        175
        139
        156
        168
        181
         52
        181
         14
          9
          9
          9
         13
         19
         22
         17
          8
         11
         27
          6
         13
         19
         35
         13
         13
         19
         21
        171
        178
        166
        180
        189
        128
        173
        115
        165
        166
          8
         14
         26
         32
          0
          9
         24
         50
          9
         22
         27
         31
         32
         45
         44
         84
        109
        129
         35
         22
         53
         55
         68
         70
         73
         99
        142
         22
         27
         21
          9
         26
         32
         39
         32
         47
         47
         40
         47
         60
         35
         75
        130
        209
         70
        134
        177
        145
        138
        167
        196
         81
         33
         35
         26
         26
        119
          0
         21
         31
          6
         14
         19
         22
         24
         26
         32
         45
        203
         40
         75
        115
        146
        188
        203
        153
         77
        167
        145
        190
        123
         92
         29
         29
         29
         29
         44
          0
          9
          9
         17
         40
         40
         63
        171
         50
         53
        188
        177
        194
        129
        101
        140
        103
        158
         44
         54
         56
        134
         21
        121
          0
        121
          0
         18
         26
         37
         37
         37
         52
        120
        201
         34
        171
         74
        160
         34
         67
        128
        141
        166
         12
         14
         33
        142
         34
         37
        150
         37
         37
         27
          0
          9
         14
         16
         29
         49
         57
         80
         80
        141
        184
        199
        176
        205
        146
        166
         52
         55
         58
        198
         68
         52
         62
         62
        137
         26
         16
          6
          6
         31
          8
         14
         14
        116
         13
         91
        100
        114
        196
         95
         64
        150
        203
        208
        208
        167
         50
         92
        160
         24
         39
         39
         60
         24
         24
         24
          0
          3
          3
         14
         36
        178
        208
        207
        190
         61
         94
        104
        176
         31
         64
        172
         58
         22
        201
          4
          4
         39
          0
         11
          0
         13
          0
         13
         24
          4
         22
         34
         34
         34
         44
         35
         24
         45
         45
         63
        193
         60
         88
        173
        194
          8
         18
         36
          0
          4
          0
          4
          0
          0
          0
          0
          0
         27
          0
          0
          6
          9
         14
         21
         42
         52
          9
         13
         13
         19
         31
         13
         40
          9
         32
          0
          1
          0
          1
          0
          0
          0
          0
          0
          0
          0
          0
          0
          0
          0
          0
          0
          0
          0
          0
          0
          0
          0
          0
          0
          0
          0
          0
          0
          0
          0
          0
          0
          0
          0
          0
          0
          0
          0
          0
          0
          0
          0
          0
          0
          0
          0
          0
          0
          0
          0
          0
          0
          0
          0
          0
          0
          0
          0
          0
          0
          0
          0
          0
          0
          0
          0
          0
          0
          0
          0
          0
